0553593714
9780007447831
0002245868
0553801503
9780553801477
9780804139021
9781587673078
0395082544
0385504209
0446677450
9780553296983
9780141345659
9780099435488
9780375725845
9780142425039
0753819929
9780062217080
9780552160896
0439295017
0547572484
9788700631625
9780747560777
9780747560722
9780195799163
9788498383621
9788498386998
9780605039070
9780439023481
9781594135866
9780316007443
9781410413550
0316027650
9780316067935
9781908435699
9780385737951
9780385738750
9780375896125
9780385537674
9781612130590
9788804623250
9781633532090
9780743501569
9781451648546
9780099284635
9780135862728